30
39
4
10

47

10 11 570
11 12 300
13 12 1800
13 14 600
13 15 200
17 15 400
16 13 500
18 16 700
18 17 500
12 14 1000
21 16 800
18 21 100
19 21 900
23 21 400
20 23 500
20 19 800
19 18 780
28 20 1500
28 23 2500
25 28 400
26 25 1200
27 26 900
29 27 1200
27 24 600
24 8 500
29 6 800
23 24 1400
1 22 700
21 22 200
9 10 180
2 13 3000
3 2 200
1 2 150
0 3 250
0 1 300
0 2 450
0 8 500
8 1 600
7 8 360
4 0 480
7 0 300
5 0 700
6 5 300
6 7 200
7 5 500
3 9 600
4 5 280

0 1
2 30

1 1
1 20

2 2
3 20
9 10

3 2
1 45
8 40

4 2
9 20
4 15

5 2
5 10
4 15

6 1
5 10

7 2
6 15
5 10

8 1
6 40

9 2
7 30
29 20

10 2
9 10
10 30

11 1
9 20

12 1
10 35

13 1
11 30

14 2
12 50
14 60

15 1
14 10

16 1
14 40

17 2
14 50
15 10

18 2
13 40
16 50

19 1
15 20

20 2
15 50
16 35

21 1
18 40

22 1
17 40

23 1
18 60

24 3
18 60
16 60
21 60

25 2
19 30
18 60

26 1
19 10

27 1
20 20

28 1
20 60

29 3
20 80
23 20
21 30

30 2
21 40
22 20

31 1
28 20

32 1
24 40

33 2
25 20
26 40

34 2
27 50
26 50

35 1
27 40

36 2
27 30
8 30

37 2
27 60
29 34

38 1
29 10