
AG-BT:
71090	
59480	51930	50600	45930	45930	45930	45930	45930	43990	43990	43990	42280	42280	42280	42280	42280	42280	42280	42280	42280	
42280	39690	39690	39690	39690	37720	36790	36790	36790	36790	36790	36790	36790	36790	36790	36790	36790	36790	36790	36790	
36790	36790	33970	33970	33970	33970	33450	33450	33450	32340	32340	32340	32340	32340	32340	32340	32340	32340	32340	32340	
32340	32340	32340	32340	32340	32340	32340	32340	32340	32340	30280	30280	30280	29390	29260	29260	27450	27450	27450	27450	
27450	27450	27450	27450	27450	27450	27450	27450	27450	27450	27450	27450	27450	27450	27450	27450	27450	27450	27450	27450	
27450	27450	27450	27450	27450	27450	25540	25540	25540	25540	25540	25540	25540	25540	25540	25540	25540	25340	25340	24740	
24740	24740	24740	24740	24740	24740	24740	24740	24740	24740	24740	24740	24740	24740	24740	24740	24740	24740	24740	24740	
24740	24740	24740	24740	24740	24740	24740	24740	24740	24740	24740	24740	24740	24740	24740	24740	24740	24740	24740	24740	
24740	24740	24740	24740	24740	24740	24740	24740	24740	24740	24740	24740	24740	24740	24740	24740	24740	24740	24740	24740	
24740	24740	24740	24740	24740	24740	24740	24740	24740	24740	24740	24740	24740	24740	24740	24740	24740	24740	24740	24740	
24740	24740	24740	24740	24740	24740	24740	24740	24740	24740	24740	24740	24740	24740	24740	24740	24740	24740	24740	24740	
24740	24740	24740	24740	24740	24740	24740	24740	24740	24740	24740	24740	24740	24740	24740	24740	24740	24740	24740	24740	
24740	24740	24740	24740	24740	24740	24740	24740	24740	24740	24740	24740	24740	24740	24740	24740	24740	24740	24740	24740	
24740	24740	24740	24740	24740	24740	24740	24740	24740	24740	24740	24740	24740	24740	24740	24740	24740	24740	24740	24740	
24740	24740	24740	24740	24740	24740	24740	24740	24740	24740	24740	24740	24740	24740	24740	24740	24740	24740	24740	24740	
24740	24740	24740	24740	24740	24740	24640	24640	24640	24640	24640	24640	24640	24640	24640	24640	24640	24640	24640	24640	
24640	24640	24640	24640	24640	24640	24640	24640	24640	24640	24640	24640	24640	24640	24640	24640	24640	24640	24640	24640	
24640	24640	24640	24640	24640	24640	24640	24640	24640	24640	24640	24640	24640	24640	24640	24640	24640	24640	24640	24640	
24640	24640	24640	24640	24640	24640	24640	24640	24640	24640	24640	24640	24640	24640	24640	24640	24640	24640	24640	24640	
24640	24640	24640	24640	24640	24640	24640	24640	24640	24640	24640	24640	24640	24640	24640	24640	24640	24640	24640	24640	
24640	24640	24640	24640	24640	24640	24640	24640	24640	24640	24640	24640	24640	24640	24640	24640	24640	24640	24640	24640	
24640	24640	24640	24640	24640	24640	24640	24640	24640	24640	24640	24640	24640	24640	24640	24640	24640	24640	24640	24640	
24640	24640	24640	24640	24640	24640	24640	24640	24640	24640	24640	24640	24640	24640	24640	24640	24640	24640	24640	24640	
24640	24640	24640	24640	24640	24640	24640	24640	24640	24640	24640	24640	24640	24640	24640	24640	24640	24640	24640	24640	
24640	24640	24640	24640	24640	24640	24640	24640	24640	24640	24640	24640	24640	24640	24640	24640	24640	24640	24640	24640	
24640	24640	24640	24640	24640	24640	24640	24640	24640	24640	24640	24640	24640	24640	24640	24640	24640	24640	24640	24640	
24640	24640	24640	24640	24640	24640	24640	24640	24640	24640	24640	24640	24640	24640	24640	24640	24640	24640	24640	24640	
24640	24640	24640	24640	24640	24640	24640	24640	24640	24640	24640	24640	24640	24640	24640	24640	24640	24640	24640	24640	
24640	24640	24640	24640	24640	24640	24640	24640	24640	24640	24640	24640	24640	24640	24640	24640	24640	24640	24640	24640	
24640	24640	24640	24640	24640	24640	24640	24640	24640	24640	24640	24640	24640	24640	24640	24640	24640	24640	24640	24640	
24640	24640	24640	24640	24640	24640	24640	24640	24640	24640	24640	24640	24640	24640	24640	24640	24640	24640	24640	24640	
24640	24640	24640	24640	24640	24640	24640	24640	24640	24640	24640	24640	24640	24640	24640	24640	24640	24640	24640	24640	
24640	24640	24640	24640	24640	24640	24640	24640	24640	24640	24640	24640	24640	24640	24640	24640	24640	24640	24640	24640	
24640	24640	24640	24640	24640	24640	24640	24640	24640	24640	24640	24640	24640	24640	24640	24640	24640	24640	24640	24640	
24640	24640	24640	24640	24640	24640	24640	24640	24640	24640	24640	24640	24640	24640	24640	24640	24640	24640	24640	24640	
24640	24640	24640	24640	24640	24640	24640	24640	24640	24640	24640	24640	24640	24640	24640	24640	24640	24640	24640	24640	
24640	24640	24640	24640	24640	24640	24640	24640	24640	24640	24640	24640	24640	24640	24640	24640	24640	24640	24640	24640	
24640	24640	24640	24640	24640	24640	24640	24640	24640	24640	24640	24640	24640	24640	24640	24640	24640	24640	24640	24640	
24640	24640	24640	24640	24640	24640	24640	24640	24640	24640	24640	24640	24640	24640	24640	24640	24640	24640	24640	24640	
24640	24640	24640	24640	24640	24640	24640	24640	24640	24640	24640	24640	24640	24640	24640	24640	24640	24640	24640	24640	
24640	24640	24640	24640	24640	24640	24640	24640	24640	24640	24640	24640	24640	24640	24640	24640	24640	24640	24640	24640	
24640	24640	24640	24640	24640	24640	24640	24640	24640	24640	24640	24640	24640	24640	24640	24640	24640	24640	24640	24640	
24640	24640	24640	24640	24640	24640	24640	24640	24640	24640	24640	24640	24640	24640	24640	24640	24640	24640	24640	24640	
24640	24640	24640	24640	24640	24640	24640	24640	24640	24640	24640	24640	24640	24640	24640	24640	24640	24640	24640	24640	
24640	24640	24640	24640	24640	24640	24640	24640	24640	24640	24640	24640	24640	24640	24640	24640	24640	24640	24640	24640	
24640	24640	24640	24640	24640	24640	24640	24640	24640	24640	24640	24640	24640	24640	24640	24640	24640	24640	24640	24640	
24640	24640	24640	24640	24640	24640	24640	24640	24640	24640	24640	24640	24640	24640	24640	24640	24640	24640	24640	24640	
24640	24640	24640	24640	24640	24640	24640	24640	24640	24640	24640	24640	24640	24640	24640	24640	24640	24640	24640	24640	
24640	24640	24640	24640	24640	24640	24640	24640	24640	24640	24640	24640	24640	24640	24640	24640	24640	24640	24640	24640	
24640	24640	24640	24640	24640	24640	24640	24640	24640	24640	24640	24640	24640	24640	24640	24640	24640	24640	24640	
Melhor valor: 24640
Desvio padrao: 3697.17
Media: 25707

AG:
82110	
50860	50860	50860	50190	50190	49560	44480	44480	44480	44480	43840	43840	38790	35980	35980	35980	35980	35980	35980	35980	
35980	35980	35980	35340	35340	35340	35340	35340	35340	35340	35340	35340	35340	35340	35340	35340	35340	35340	35340	35340	
35340	35340	35340	35340	35340	35340	35340	35340	35340	35250	35250	35250	33940	33940	33940	33940	33940	33470	33470	33470	
33470	33470	33470	33470	33470	33470	33470	33470	33470	33470	33470	33470	32470	32470	32470	32470	32470	32470	32470	32470	
32470	32470	32470	32470	32470	32470	32470	32470	32470	32470	32470	32470	32470	32470	32470	32470	32470	32470	32470	32470	
32470	32470	32470	32470	32470	32470	32470	32470	32470	32470	32470	32470	32470	32470	32470	32470	32470	32470	32470	32470	
32470	32470	32470	32470	32470	32470	32470	32470	32470	32470	32470	32470	32470	32470	32470	32470	32470	32470	32470	32470	
32470	32470	32470	32470	32470	32470	32470	32470	32470	32470	32470	32470	32470	32430	32430	32430	32430	32430	32430	32370	
32370	32370	32370	32370	32370	32370	32370	32370	32370	32370	32370	32370	32370	32370	32370	32370	32370	32370	32370	32370	
32370	32370	32370	32370	32370	32370	32370	32370	32370	32370	32370	32370	32370	32370	32370	32370	32370	32370	32370	32370	
32370	32370	32370	32370	32370	32370	32370	32370	32370	32370	32370	32370	32370	32370	32370	32370	32370	32370	32370	32370	
32370	32370	32370	32370	32370	32370	32370	32370	32370	32370	32370	32370	32370	32370	32370	32370	32370	32370	32370	32370	
32370	32370	32370	32370	32370	32370	32370	32370	32370	32370	32370	32370	32370	32370	32370	32370	32370	32370	32370	32370	
32370	32370	32370	32370	32370	32370	32370	32370	32370	32370	32370	32370	32370	32370	32370	32370	32370	32370	32370	32370	
32370	32370	32370	32370	32370	32370	32370	32370	32370	32370	32370	32370	32370	32370	32370	32370	32370	32370	32370	32370	
32370	32370	32370	32370	32370	32370	32370	32370	32370	32370	32370	32370	32370	32370	32370	32370	32370	32370	32370	32370	
32370	32370	32370	32370	32370	32370	32370	32370	32370	32370	32370	32370	32370	32370	32370	32370	32370	32370	32370	32370	
32370	32370	32370	32370	32370	32370	32370	32370	32370	32370	32370	32370	32370	32370	32370	32370	32370	32370	32370	32370	
32370	32370	32370	32370	32370	32370	32370	32370	32370	32370	32370	32370	32370	32370	32370	32370	32370	32370	32370	32370	
32370	32370	32370	32370	32370	32370	32370	32370	32370	32370	32370	32370	32370	32370	32370	32370	32370	32370	32370	32370	
32370	32370	32370	32370	32370	32370	32370	32370	32370	32370	32370	32370	32370	32370	32370	32370	32370	32370	32370	32370	
32370	32370	32370	32370	32370	32370	32370	32370	32370	32370	32370	32370	32370	32370	32370	32370	32370	32370	32370	32370	
32370	32370	32370	32370	32370	32370	32370	32370	32370	32370	32370	32370	32370	32370	32370	32370	32370	32370	32370	32370	
32370	32370	32370	32370	32370	32370	32370	32370	32370	32370	32370	32370	32370	32370	32370	32370	32370	32370	32370	32370	
32370	32370	32370	32370	32370	32370	32370	32370	32370	32370	32370	32370	32370	32370	32370	32370	32370	32370	32370	32370	
32370	32370	32370	32370	32370	32370	32370	32370	32370	32370	32370	32370	32370	32370	32370	32370	32370	32370	32370	32370	
32370	32370	32370	32370	32370	32370	32370	32370	32370	32370	32370	32370	32370	32370	32370	32370	32370	32370	32370	32370	
32370	32370	32370	32370	32370	32370	32370	32370	32370	32370	32370	32370	32370	32370	32370	32370	32370	32370	32370	32370	
32370	32370	32370	32370	32370	32370	32370	32370	32370	32370	32370	32370	32370	32370	32370	32370	32370	32370	32370	32370	
32370	32370	32370	32370	32370	32370	32370	32370	32370	32370	32370	32370	32370	32370	32370	32370	32370	32370	32370	32370	
32370	32370	32370	32370	32370	32370	32370	32370	32370	32370	32370	32370	32370	32370	32370	32370	32370	32370	32370	32370	
32370	32370	32370	32370	32370	32370	32370	32370	32370	32370	32370	32370	32370	32370	32370	32370	32370	32370	32370	32370	
32370	32370	32370	32370	32370	32370	32370	32370	32370	32370	32370	32370	32370	32370	32370	32370	32370	32370	32370	32370	
32370	32370	32370	32370	32370	32370	32370	32370	32370	32370	32370	32370	32370	32370	32370	32370	32370	32370	32370	32370	
32370	32370	32370	32370	32370	32370	32370	32370	32370	32370	32370	32370	32370	32370	32370	32370	32370	32370	32370	32370	
32370	32370	32370	32370	32370	32370	32370	32370	32370	32370	32370	32370	32370	32370	32370	32370	32370	32370	32370	32370	
32370	32370	32370	32370	32370	32370	32370	32370	32370	32370	32370	32370	32370	32370	32370	32370	32370	32370	32370	32370	
32370	32370	32370	32370	32370	32370	32370	32370	32370	32370	32370	32370	32370	32370	32370	32370	32370	32370	32270	32270	
32270	32270	32270	32270	32270	32270	32270	32270	32270	32270	32270	32270	32270	32270	32270	32270	32270	32270	32270	32270	
32270	32270	32270	32270	32270	32270	32270	32270	32270	32270	32270	32270	32270	32270	32270	32270	32270	32270	32270	32270	
32270	32270	32270	32270	32270	32270	32270	32270	32270	32270	32270	32270	32270	32270	32270	32270	32270	32270	32270	32270	
32270	32270	32270	32270	32270	32270	32270	32270	32270	32270	32270	32270	32270	32270	32270	32270	32270	32270	32270	32270	
32270	32270	32270	32270	32270	32270	32270	32270	32270	32270	32270	32270	32270	32270	32270	32270	32270	32270	32270	32270	
32270	32270	32270	32270	32270	32270	32270	32270	32270	32270	32270	32270	32270	32270	32270	32270	32270	32270	32270	32270	
32270	32270	32270	32270	32270	32270	32270	32270	32270	32270	32270	32270	32270	32270	32270	32270	32270	32270	32270	32270	
32270	32270	32270	32270	32270	32270	32270	32270	32270	32270	32270	32270	32270	32270	32270	32270	32270	32270	32270	32270	
32270	32270	32270	32270	32270	32270	32270	32270	32270	32270	32270	32270	32270	32270	32270	32270	32270	32270	32270	32270	
32270	32270	32270	32270	32270	32270	32270	32270	32270	32270	32270	32270	32270	32270	32270	32270	32270	32270	32270	32270	
32270	32270	32270	32270	32270	32270	32270	32270	32270	32270	32270	32270	32270	32270	32270	32270	32270	32270	32270	32270	
32270	32270	32270	32270	32270	32270	32270	32270	32270	32270	32270	32270	32270	32270	32270	32270	32270	32270	32270	
Melhor valor: 32270
Desvio padrao: 1779.1
Media: 32686

BT:
90600	
83860	87420	79000	69280	82840	82070	90980	83530	66580	94490	90930	70470	76540	86030	69270	66320	
72850	70550	103360	76570	87070	72860	84950	88010	88560	81150	74590	75910	85970	80510	80240	73260	
65810	86250	88620	77520	72700	85750	78950	83270	73850	65820	82010	92400	52460	85050	71880	89300	
84030	87000	77470	76740	71680	92190	84600	101150	75050	90660	88940	90790	85120	74430	87710	68550	
87190	81330	77180	77510	59710	93800	56700	84460	88110	97680	76430	74610	70980	88090	97440	66780	
78880	69480	80810	91440	71950	74940	62220	72870	84330	73620	88120	84250	91640	82730	82790	67280	
91280	72400	70220	73220	77250	86710	77120	78160	67800	74180	70550	86840	78630	78790	83600	90730	
80040	59710	90770	70400	62830	63580	58050	88650	73840	73220	66810	80330	76690	73990	78430	84120	
77430	76460	94040	84010	70450	85180	73350	96170	66880	87390	90450	91340	78580	105020	81990	79210	
74710	80590	74940	69970	112750	81870	76150	91000	92220	76670	93790	76840	70630	75500	88410	82140	
99770	89930	97360	62970	95360	69050	75610	74270	73720	58680	69180	64870	77710	66750	85740	80520	
80530	81460	76290	97080	86830	69820	72270	70520	88930	63290	66960	77380	82050	69020	73130	84390	
97420	76990	108710	70720	65380	89570	89170	61810	62960	77830	84580	91640	76600	89860	90040	74320	
86410	58780	97990	69220	93220	78480	80940	86840	80250	84930	79540	69170	70240	66490	72680	91380	
78610	80120	73830	86830	81670	77610	81340	83430	76070	76290	80300	54880	76140	71260	68040	72260	
69470	85910	73200	77470	74010	82770	85970	76650	103930	73670	74100	55810	68750	78690	64810	93220	
77170	92010	91880	69610	65960	81650	71690	87290	69330	67030	83310	74390	89810	78970	82880	77360	
96000	80940	75340	79700	99660	80700	78520	80050	76660	84310	65730	61920	69020	74350	81250	73250	
76530	90970	86430	76800	80880	77750	82440	79930	76590	94440	82810	82560	79790	83470	93980	78190	
90000	79170	91010	76040	87980	77480	87480	63810	88820	92670	92650	83260	76710	67490	86100	68900	
83830	83330	69530	82150	82890	82540	82140	79640	82160	101480	68760	76620	85020	89560	88290	72400	
70650	77970	75500	61980	74580	73030	80710	95150	75040	73880	92630	91160	79470	67450	74180	80110	
88290	73340	83740	66380	91140	87970	77790	80970	84530	93560	105770	75750	65040	67170	72910	77060	
69930	66120	91610	70280	74800	68740	72600	84370	86020	85340	70730	58930	86410	102120	75560	72910	
74460	81620	84310	81750	86710	73380	62230	62320	64090	116820	82720	85770	86650	80800	86420	73980	
91060	95050	82380	68880	86420	78340	88340	84340	77360	67940	70360	72770	88440	73950	94640	84030	
78810	79540	61950	79440	81200	70120	85870	80920	94360	61250	96640	86880	64890	70560	85420	97510	
74230	88710	82230	85350	66280	88970	69040	107960	85810	76370	82700	83510	85320	66360	69670	75110	
63570	73190	81030	77130	82010	71680	59580	72290	92280	88320	72720	84740	69230	82000	69340	89000	
73490	95580	93870	82030	83730	74610	79370	84970	64390	82870	61030	87360	81490	66010	88030	67830	
93240	84110	73700	98080	68390	87360	86850	63990	77760	90360	83900	90130	78450	87300	78970	76250	
83740	81720	93130	78760	70260	106210	86960	77780	70800	72750	76550	72250	86610	70940	88560	72340	
72110	73780	96880	57280	84670	77090	85070	77740	73250	78370	67050	86060	80480	72150	59860	72500	
72030	74290	91560	73840	75270	77010	78140	84510	70530	75920	80950	72130	69070	82200	79650	89570	
80380	73170	87400	79770	60150	84060	89350	75700	79110	78840	68440	81890	83760	73800	85900	79850	
78980	89810	57880	76920	95690	70590	75380	89950	76280	62030	74240	85100	73060	59380	80200	70440	
82950	66710	82970	81800	75240	91740	79590	73920	74830	73600	78480	88940	62240	83020	81210	90130	
68230	71310	95080	83810	75030	88420	84660	92530	71550	88170	91590	91520	92630	79550	56690	75110	
74830	71960	100820	74110	72820	75510	76570	84830	78220	68310	83380	79110	93420	77940	70330	70430	
89470	62370	87950	65760	67170	82110	89300	75200	86760	70860	68380	91420	63160	97570	79700	77030	
75210	77180	57550	82130	65450	83070	92220	91210	84690	73790	64710	75220	76460	74730	88690	88160	
72240	68230	92030	82730	89560	94150	81350	68290	80250	89780	76070	66770	84590	67900	87590	77470	
84980	69610	78650	58530	78920	82290	81560	61690	76210	78260	93550	78820	75470	81180	55510	98800	
77900	65230	75740	84950	85170	69370	90550	71390	87010	89230	86730	74510	64670	83320	73750	77820	
80410	89610	64770	76430	82090	79800	69010	80630	77330	65250	76720	82820	67650	80590	80240	87130	
81210	75580	74670	68330	77330	62370	70260	67430	84220	78980	85690	80890	75580	84660	87370	78920	
90070	72930	86960	81470	88590	68240	75450	91360	71120	68250	90020	71490	73720	67620	74030	82830	
94390	77350	62030	87480	81240	70250	62290	81660	81100	90440	84690	69260	67470	72800	92370	74530	
77830	68090	78930	66890	68010	102970	70740	78350	75600	88250	85680	68080	95630	68040	72420	74130	
75230	66660	81500	80030	70550	77640	84430	62630	87440	74840	80110	61200	82780	82630	100330	75290	
77220	82190	88350	75050	79700	71020	58000	70120	86500	72190	75240	92520	81110	85800	84470	56690	
91750	68280	75180	63930	89420	81880	63020	92720	82510	74330	94270	75640	71000	81630	74140	84760	
102600	70910	68120	72840	85700	68710	94740	81040	62170	72170	71100	78360	74440	85030	101330	78810	
76150	75580	73570	77410	75170	55820	77420	92210	82440	71650	65140	68450	91440	79950	101730	88330	
65750	85600	70830	97030	95820	84500	91810	85860	73390	82160	75200	72860	63890	79220	60470	65930	
61490	68660	71730	96290	61980	77350	95180	83900	88970	69670	82140	81990	91060	73770	85880	69390	
71410	74240	77140	84600	78470	85880	75370	60690	84160	93400	81600	68160	56730	78080	79690	70770	
76320	73790	69380	82320	79600	64400	60110	81270	80570	76260	73990	95920	74280	77360	58560	86150	
84370	71680	69260	71410	64930	88760	68850	73470	65710	57200	66720	80020	78270	82860	67170	81240	
87930	85810	94570	64880	66280	68120	77440	65760	85460	68700	94510	74200	77650	84640	71990	76580	
90250	71810	77980	76800	86020	64710	64090	88880	84790	63600	66130	93770	76760	79840	81630	71900	
72990	98640	81560	78850	83310	86010	72030	88220	89600	73960	71770	81100	67610	77820	72280	85770	
91890	99760	88620	74550	106290	71620	83300	
Melhor valor: 52460
Desvio Padrao: 9843.99
Media: 78898.7
