PARAMETROS
seed 42
n_paradas 10
n_alunos 40
n_onibus 4
capacidade_onibus 40
dispersao independente
modo_alunos ancorado
raio_max_caminhada 15.000
k_vizinhos 4

ESCOLA id x y
0 50.000 50.000

PARADAS id x y
1 81.887 13.696
2 89.668 40.172
3 72.390 30.069
4 79.109 68.760
5 73.167 62.013
6 87.245 15.398
7 84.549 61.356
8 75.963 16.933
9 79.718 51.612
10 96.695 60.456

ALUNOS id x y quantidade
0 95.748 25.799
1 95.024 12.612
2 95.024 12.612
3 100.000 40.642
4 74.230 3.874
5 74.230 3.874
6 74.230 3.874
7 78.670 17.662
8 78.670 17.662
9 78.670 17.662
10 78.670 17.662
11 73.552 45.577
12 78.689 21.630
13 78.689 21.630
14 78.689 21.630
15 66.791 6.186
16 66.791 6.186
17 66.791 6.186
18 82.424 70.662
19 82.424 70.662
20 82.424 70.662
21 82.424 70.662
22 63.756 11.987
23 63.756 11.987
24 63.459 60.617
25 83.958 15.364
26 83.958 15.364
27 83.958 15.364
28 83.958 15.364
29 80.341 71.190
30 80.341 71.190
31 80.341 71.190
32 96.738 70.065
33 96.738 70.065
34 96.738 70.065
35 76.515 21.058
36 76.515 21.058
37 76.515 21.058
38 80.046 42.339
39 80.046 42.339
40 80.046 42.339
41 70.353 41.202
42 70.353 41.202
43 85.218 64.673
44 85.218 64.673
45 85.218 64.673
46 85.218 64.673
47 92.259 2.114
48 92.259 2.114
49 84.625 73.326
50 84.625 73.326
51 84.625 73.326
52 78.935 49.348
53 78.935 49.348
54 72.218 13.043
55 72.218 13.043
56 78.749 36.030
57 91.899 70.138
58 91.899 70.138
59 91.899 70.138
60 66.280 28.109
61 66.280 28.109
62 96.577 71.033
63 96.577 71.033
64 96.577 71.033
65 78.483 71.572
66 78.483 71.572
67 81.147 61.299
68 78.546 26.067
69 78.546 26.067
70 78.546 26.067
71 74.809 41.158
72 74.809 41.158
73 74.809 41.158
74 66.238 18.514
75 66.238 18.514
76 71.149 21.057
77 71.149 21.057
78 77.213 53.188
79 77.213 53.188
80 77.213 53.188
81 77.213 53.188
82 86.225 6.392
83 86.225 6.392
84 86.225 6.392
85 100.000 43.094
86 100.000 43.094
87 95.225 62.473
88 95.225 62.473
89 95.225 62.473
90 95.225 62.473
91 68.556 25.115
92 68.556 25.115
93 68.556 25.115
94 68.556 25.115
95 73.556 70.837
96 73.556 70.837
97 73.556 70.837
98 73.556 70.837
99 86.932 44.420
100 100.000 55.149

ATRIBUICOES aluno_id parada_id distancia
0 6 13.435
1 1 13.182
1 6 8.263
2 1 13.182
2 6 8.263
3 2 10.343
4 1 12.454
4 8 13.173
5 1 12.454
5 8 13.173
6 1 12.454
6 8 13.173
7 1 5.106
7 3 13.906
7 6 8.869
7 8 2.804
8 1 5.106
8 3 13.906
8 6 8.869
8 8 2.804
9 1 5.106
9 3 13.906
9 6 8.869
9 8 2.804
10 1 5.106
10 3 13.906
10 6 8.869
10 8 2.804
11 9 8.629
12 1 8.554
12 3 10.530
12 6 10.585
12 8 5.431
13 1 8.554
13 3 10.530
13 6 10.585
13 8 5.431
14 1 8.554
14 3 10.530
14 6 10.585
14 8 5.431
15 8 14.129
16 8 14.129
17 8 14.129
18 4 3.822
18 5 12.668
18 7 9.545
19 4 3.822
19 5 12.668
19 7 9.545
20 4 3.822
20 5 12.668
20 7 9.545
21 4 3.822
21 5 12.668
21 7 9.545
22 8 13.171
23 8 13.171
24 5 9.808
25 1 2.659
25 6 3.287
25 8 8.148
26 1 2.659
26 6 3.287
26 8 8.148
27 1 2.659
27 6 3.287
27 8 8.148
28 1 2.659
28 6 3.287
28 8 8.148
29 4 2.725
29 5 11.648
29 7 10.697
30 4 2.725
30 5 11.648
30 7 10.697
31 4 2.725
31 5 11.648
31 7 10.697
32 7 14.980
32 10 9.609
33 7 14.980
33 10 9.609
34 7 14.980
34 10 9.609
35 1 9.113
35 3 9.910
35 6 12.131
35 8 4.162
36 1 9.113
36 3 9.910
36 6 12.131
36 8 4.162
37 1 9.113
37 3 9.910
37 6 12.131
37 8 4.162
38 2 9.863
38 3 14.463
38 9 9.279
39 2 9.863
39 3 14.463
39 9 9.279
40 2 9.863
40 3 14.463
40 9 9.279
41 3 11.318
41 9 14.003
42 3 11.318
42 9 14.003
43 4 7.350
43 5 12.341
43 7 3.384
43 9 14.171
43 10 12.227
44 4 7.350
44 5 12.341
44 7 3.384
44 9 14.171
44 10 12.227
45 4 7.350
45 5 12.341
45 7 3.384
45 9 14.171
45 10 12.227
46 4 7.350
46 5 12.341
46 7 3.384
46 9 14.171
46 10 12.227
47 6 14.199
48 6 14.199
49 4 7.161
49 7 11.971
50 4 7.161
50 7 11.971
51 4 7.161
51 7 11.971
52 2 14.121
52 5 13.916
52 7 13.255
52 9 2.396
53 2 14.121
53 5 13.916
53 7 13.255
53 9 2.396
54 1 9.691
54 8 5.400
55 1 9.691
55 8 5.400
56 2 11.679
56 3 8.716
57 4 12.864
57 7 11.451
57 10 10.804
58 4 12.864
58 7 11.451
58 10 10.804
59 4 12.864
59 7 11.451
59 10 10.804
60 3 6.417
60 8 14.787
61 3 6.417
61 8 14.787
62 10 10.577
63 10 10.577
64 10 10.577
65 4 2.881
65 5 10.937
65 7 11.881
66 4 2.881
66 5 10.937
66 7 11.881
67 4 7.734
67 5 8.011
67 7 3.403
67 9 9.791
68 1 12.814
68 3 7.342
68 6 13.766
68 8 9.492
69 1 12.814
69 3 7.342
69 6 13.766
69 8 9.492
70 1 12.814
70 3 7.342
70 6 13.766
70 8 9.492
71 2 14.892
71 3 11.350
71 9 11.549
72 2 14.892
72 3 11.350
72 9 11.549
73 2 14.892
73 3 11.350
73 9 11.549
74 3 13.091
74 8 9.852
75 3 13.091
75 8 9.852
76 1 13.018
76 3 9.097
76 8 6.339
77 1 13.018
77 3 9.097
77 8 6.339
78 5 9.709
78 7 10.979
78 9 2.959
79 5 9.709
79 7 10.979
79 9 2.959
80 5 9.709
80 7 10.979
80 9 2.959
81 5 9.709
81 7 10.979
81 9 2.959
82 1 8.496
82 6 9.064
82 8 14.712
83 1 8.496
83 6 9.064
83 8 14.712
84 1 8.496
84 6 9.064
84 8 14.712
85 2 10.737
86 2 10.737
87 7 10.734
87 10 2.495
88 7 10.734
88 10 2.495
89 7 10.734
89 10 2.495
90 7 10.734
90 10 2.495
91 3 6.264
91 8 11.036
92 3 6.264
92 8 11.036
93 3 6.264
93 8 11.036
94 3 6.264
94 8 11.036
95 4 5.929
95 5 8.833
95 7 14.518
96 4 5.929
96 5 8.833
96 7 14.518
97 4 5.929
97 5 8.833
97 7 14.518
98 4 5.929
98 5 8.833
98 7 14.518
99 2 5.053
99 9 10.187
100 10 6.252

ONIBUS quantidade capacidade
4 40

ARESTAS id id distancia
0 3 29.976
0 4 34.630
0 5 26.097
0 9 29.762
1 2 27.596
1 3 18.927
1 6 5.622
1 8 6.751
2 3 20.015
2 6 24.892
2 7 21.793
2 8 26.979
2 9 15.162
2 10 21.467
3 6 20.878
3 8 13.613
4 5 8.990
4 7 9.188
4 9 17.158
4 10 19.448
5 7 11.401
5 9 12.292
5 10 23.579
6 8 11.386
7 9 10.876
7 10 12.179
9 10 19.142
